16
21
37
25
17
25
33
27
45
27
16
34
35
23
30
13
22
20
20
20
21
20
27
21
34
14
18
34
32
45
21
25
22
42
36
23
24
35
27
25
38
29
22
45
26
38
31
41
23
49
17
26
16
26
38
28
24
21
37
37
33
26
28
21
32
16
27
32
31
38
20
26
38
35
38
31
25
40
33
22
28
29
29
33
12
12
17
12
20
8
19
22
24
28
26
30
26
30
31
29
50
41
34
33
39
34
28
48
40
22
37
41
40
40
45
43
43
40
41
41
11
41
41
27
43
30
44
31
34
47
27
53
31
43
47
32
31
35
27
30
27
49
38
32
36
29
45
33
43
33
43
34
58
37
30
30
61
27
33
31
49
24
13
44
21
40
40
46
56
40
22
33
36
26
32
31
39
34
53
50
61
17
36
29
31
36
37
26
30
33
49
31
33
25
34
16
47
23
40
33
32
44
38
52
30
28
16
17
39
25
31
28
45
42
28
36
33
38
42
36
34
37
32
28
37
39
37
20
34
27
27
32
49
46
39
52
38
35
36
21
38
38
28
38
25
50
26
49
39
38
26
36
38
59
29
37
40
35
28
44
47
39
26
46
28
29
31
52
36
42
33
52
34
32
26
52
26
33
39
38
18
35
38
28
28
36
42
33
43
37
31
41
32
27
48
24
38
42
22
34
53
24
33
33
21
40
29
28
32
23
32
50
23
33
24
33
18
24
28
28
34
18
21
28
33
28
21
32
34
21
33
32
37
27
33
31
40
40
47
29
22
34
30
34
25
54
24
40
45
26
25
27
40
32
16
34
29
26
22
36
35
36
29
41
38
33
37
52
29
16
28
34
28
38
43
35
16
35
45
28
26
44
36
42
32
31
39
16
35
44
32
15
26
49
26
39
30
35
32
43
23
36
35
43
45
34
20
32
21
27
41
43
28
69
49
47
29
38
43
22
26
21
23
35
32
45
22
34
28
33
17
41
23
29
14
33
29
34
14
38
24
37
32
27
33
35
31
20
24
39
33
33
29
37
42
31
32
30
41
40
31
33
34
29
30
37
35
26
36
31
23
24
30
32
29
26
32
40
34
29
39
29
22
30
37
25
20
39
34
37
31
22
20
39
34
42
20
37
44
34
39
41
28
28
40
46
26
41
18
26
46
40
44
26
27
20
35
17
35
31
37
23
40
30
16
19
32
19
27
29
21
24
37
14
34
33
29
44
27
21
40
37
30
26
35
31
34
30
23
20
35
39
22
25
33
34
34
17
29
46
27
33
30
23
26
24
31
27
33
27
34
32
26
37
40
51
25
50
44
36
31
15
26
30
35
23
12
21
32
29
35
24
37
34
18
32
35
54
40
49
17
38
24
32
28
26
38
25
28
23
18
57
42
17
28
39
39
36
23
35
30
23
26
64
29
30
28
42
15
26
39
37
36
33
34
40
25
32
27
34
36
34
24
38
29
52
28
23
25
47
34
43
18
44
40
32
30
30
25
23
34
47
32
28
36
38
21
19
27
21
32
55
23
12
37
28
21
25
29
28
31
17
19
33
42
15
38
29
36
23
20
18
36
38
34
22
33
29
37
22
28
45
36
22
20
37
32
27
30
30
29
33
38
27
32
35
48
46
32
38
36
33
12
25
31
22
27
17
39
28
40
32
32
35
44
14
34
31
23
35
17
21
33
53
32
37
33
37
38
20
36
36
13
21
32
40
24
27
40
17
23
32
22
30
24
26
30
27
22
50
15
27
26
28
38
25
37
31
44
40
36
35
40
20
37
13
27
32
29
30
35
31
24
23
34
45
28
22
23
33
32
39
25
24
26
51
32
24
28
32
18
45
36
27
43
30
19
24
36
34
37
23
35
31
16
38
36
32
23
36
10
32
36
23
20
12
21
21
34
22
37
30
23
34
18
30
26
33
30
16
29
29
27
15
19
28
28
27
30
49
33
26
26
29
29
13
29
25
28
11
31
36
24
27
24
47
41
33
44
34
19
26
44
32
40
20
27
45
33
32
32
20
29
14
31
15
40
18
29
37
21
27
16
19
17
33
28
30
42
37
26
30
17
35
24
33
24
17
34
30
26
41
40
30
29
37
27
19
24
44